Date,Deaths_GOV,Deaths_JH,Diff_Deaths,Inc_Deaths_GOV,Inc_Deaths_JH,Diff_Inc_Deaths
2020-01-05,NA,NA,NA,0,NA,NA
2020-01-06,NA,NA,NA,0,NA,NA
2020-01-07,NA,NA,NA,0,NA,NA
2020-01-08,NA,NA,NA,0,NA,NA
2020-01-09,NA,NA,NA,0,NA,NA
2020-01-10,NA,NA,NA,0,NA,NA
2020-01-11,NA,NA,NA,0,NA,NA
2020-01-12,NA,NA,NA,0,NA,NA
2020-01-13,NA,NA,NA,0,NA,NA
2020-01-14,NA,NA,NA,0,NA,NA
2020-01-15,NA,NA,NA,0,NA,NA
2020-01-16,NA,NA,NA,0,NA,NA
2020-01-17,NA,NA,NA,0,NA,NA
2020-01-18,NA,NA,NA,0,NA,NA
2020-01-19,NA,NA,NA,0,NA,NA
2020-01-20,NA,NA,NA,0,NA,NA
2020-01-21,NA,NA,NA,0,NA,NA
2020-01-22,NA,0,NA,0,NA,NA
2020-01-23,NA,0,NA,0,0,0
2020-01-24,NA,0,NA,0,0,0
2020-01-25,NA,0,NA,0,0,0
2020-01-26,NA,0,NA,0,0,0
2020-01-27,NA,0,NA,0,0,0
2020-01-28,NA,0,NA,0,0,0
2020-01-29,NA,0,NA,0,0,0
2020-01-30,NA,0,NA,0,0,0
2020-01-31,NA,0,NA,0,0,0
2020-02-01,NA,0,NA,0,0,0
2020-02-02,NA,0,NA,0,0,0
2020-02-03,NA,0,NA,0,0,0
2020-02-04,NA,0,NA,0,0,0
2020-02-05,NA,0,NA,0,0,0
2020-02-06,NA,0,NA,0,0,0
2020-02-07,NA,0,NA,0,0,0
2020-02-08,NA,0,NA,0,0,0
2020-02-09,NA,0,NA,0,0,0
2020-02-10,NA,0,NA,0,0,0
2020-02-11,NA,0,NA,0,0,0
2020-02-12,NA,0,NA,0,0,0
2020-02-13,NA,0,NA,0,0,0
2020-02-14,NA,0,NA,0,0,0
2020-02-15,NA,0,NA,0,0,0
2020-02-16,NA,0,NA,0,0,0
2020-02-17,NA,0,NA,0,0,0
2020-02-18,NA,0,NA,0,0,0
2020-02-19,NA,0,NA,0,0,0
2020-02-20,NA,0,NA,0,0,0
2020-02-21,NA,0,NA,0,0,0
2020-02-22,NA,0,NA,0,0,0
2020-02-23,NA,0,NA,0,0,0
2020-02-24,NA,0,NA,0,0,0
2020-02-25,NA,0,NA,0,0,0
2020-02-26,NA,0,NA,0,0,0
2020-02-27,NA,0,NA,0,0,0
2020-02-28,NA,0,NA,0,0,0
2020-02-29,NA,0,NA,0,0,0
2020-03-01,NA,0,NA,0,0,0
2020-03-02,NA,0,NA,0,0,0
2020-03-03,NA,0,NA,0,0,0
2020-03-04,NA,0,NA,0,0,0
2020-03-05,NA,0,NA,0,0,0
2020-03-06,1,1,0,1,1,0
2020-03-07,2,2,0,1,1,0
2020-03-08,2,2,0,0,0,0
2020-03-09,3,3,0,1,1,0
2020-03-10,7,7,0,4,4,0
2020-03-11,7,7,0,0,0,0
2020-03-12,9,9,0,2,2,0
2020-03-13,10,10,0,1,1,0
2020-03-14,28,28,0,18,18,0
2020-03-15,43,43,0,15,15,0
2020-03-16,65,65,0,22,22,0
2020-03-17,81,81,0,16,16,0
2020-03-18,115,115,0,34,34,0
2020-03-19,158,158,0,43,43,0
2020-03-20,194,194,0,36,36,0
2020-03-21,250,250,0,56,56,0
2020-03-22,285,285,0,35,35,0
2020-03-23,359,359,0,74,74,0
2020-03-24,508,508,0,149,149,0
2020-03-25,695,695,0,187,187,0
2020-03-26,878,878,0,183,183,0
2020-03-27,1162,1162,0,284,284,0
2020-03-28,1456,1456,0,294,294,0
2020-03-29,1670,1670,0,214,214,0
2020-03-30,2044,2044,0,374,374,0
2020-03-31,2426,2426,0,382,382,0
2020-04-01,3096,3096,0,670,670,0
2020-04-02,3748,3748,0,652,652,0
2020-04-03,4462,4462,0,714,714,0
2020-04-04,5222,5222,0,760,760,0
2020-04-05,5866,5866,0,644,644,0
2020-04-06,6434,6434,0,568,568,0
2020-04-07,7472,7472,0,1038,1038,0
2020-04-08,8506,8506,0,1034,1034,0
2020-04-09,9616,9616,0,1110,1110,0
2020-04-10,10768,10768,0,1152,1152,0
2020-04-11,11608,11608,0,840,840,0
2020-04-12,12294,12294,0,686,686,0
2020-04-13,13038,13038,0,744,744,0
2020-04-14,14085,14085,0,1047,1047,0
2020-04-15,14927,14927,0,842,842,0
2020-04-16,15956,15956,0,1029,1029,0
2020-04-17,16892,16892,0,936,936,0
2020-04-18,18007,18007,0,1115,1115,0
2020-04-19,18505,18505,0,498,498,0
2020-04-20,19064,19064,0,559,559,0
2020-04-21,20237,20237,0,1173,1173,0
2020-04-22,21074,21074,0,837,837,0
2020-04-23,21801,21801,0,727,727,0
2020-04-24,22807,22807,0,1006,1006,0
2020-04-25,23650,23650,0,843,843,0
2020-04-26,24070,24070,0,420,420,0
2020-04-27,24408,24408,0,338,338,0
2020-04-28,25319,25319,0,911,911,0
2020-04-29,26114,26114,0,765,795,30
2020-04-30,26788,26788,0,674,674,0
2020-05-01,27528,27528,0,740,740,0
2020-05-02,28149,28149,0,621,621,0
2020-05-03,28464,28464,0,315,315,0
2020-05-04,28752,28752,0,288,288,0
2020-05-05,29446,29446,0,694,694,0
2020-05-06,30098,30098,0,652,652,0
2020-05-07,30638,30638,0,540,540,0
2020-05-08,31265,31265,0,627,627,0
2020-05-09,31611,31610,-1,346,345,-1
2020-05-10,31879,31879,0,269,269,0
2020-05-11,32090,32090,0,211,211,0
2020-05-12,32720,32720,0,630,630,0
2020-05-13,33216,33216,0,496,496,0
2020-05-14,33644,33644,0,428,428,0
2020-05-15,34028,34028,0,384,384,0
2020-05-16,34508,34508,0,480,480,0
2020-05-17,34678,34678,0,170,170,0
2020-05-18,34838,34838,0,160,160,0
2020-05-19,35386,35386,0,548,548,0
2020-05-20,35755,35755,0,369,369,0
2020-05-21,36093,36093,0,338,338,0
2020-05-22,36451,36451,0,358,358,0
2020-05-23,36734,36734,0,283,283,0
2020-05-24,37175,37175,0,441,441,0
2020-05-25,37297,37297,0,122,122,0
2020-05-26,37433,37433,0,136,136,0
2020-05-27,37876,37876,0,443,443,0
2020-05-28,38292,38292,0,416,416,0
2020-05-29,38665,38665,0,373,373,0
2020-05-30,38895,38895,0,230,230,0
2020-05-31,39010,39010,0,115,115,0
2020-06-01,39121,39121,0,111,111,0
2020-06-02,39447,39447,0,326,326,0
2020-06-03,39812,39812,0,365,365,0
2020-06-04,39989,39989,0,177,177,0
2020-06-05,40347,40347,0,358,358,0
2020-06-06,40554,40554,0,207,207,0
2020-06-07,40631,40631,0,77,77,0
2020-06-08,40686,40686,0,55,55,0
2020-06-09,40975,40975,0,289,289,0
2020-06-10,41225,41225,0,250,250,0
2020-06-11,41377,41377,0,152,152,0
2020-06-12,41581,41581,0,204,204,0
2020-06-13,41764,41764,0,183,183,0
2020-06-14,41800,41800,0,36,36,0
2020-06-15,41838,41838,0,38,38,0
2020-06-16,42074,42074,0,236,236,0
2020-06-17,42258,42258,0,184,184,0
2020-06-18,42395,42395,0,137,137,0
2020-06-19,42568,42568,0,173,173,0
2020-06-20,42698,42698,0,130,130,0
2020-06-21,42741,42741,0,43,43,0
2020-06-22,42756,42756,0,15,15,0
2020-06-23,42927,42927,0,171,171,0
2020-06-24,43081,43081,0,154,154,0
2020-06-25,43230,43230,0,149,149,0
2020-06-26,43414,43414,0,184,184,0
2020-06-27,43514,43514,0,100,100,0
2020-06-28,43550,43550,0,36,36,0
2020-06-29,43575,43575,0,25,25,0
2020-06-30,43730,43730,0,155,155,0
2020-07-01,43906,43906,0,176,176,0
2020-07-02,43995,43995,0,89,89,0
2020-07-03,44131,44131,0,137,136,-1
2020-07-04,44198,44198,0,67,67,0
2020-07-05,44220,44220,0,22,22,0
2020-07-06,44236,44236,0,16,16,0
2020-07-07,44391,44391,0,155,155,0
2020-07-08,44517,44517,0,126,126,0
2020-07-09,44602,44602,0,85,85,0
2020-07-10,44650,44650,0,48,48,0
2020-07-11,44798,44798,0,148,148,0
2020-07-12,44819,44819,0,21,21,0
2020-07-13,44830,44830,0,11,11,0
2020-07-14,44968,44968,0,138,138,0
2020-07-15,45053,45053,0,85,85,0
2020-07-16,45119,45119,0,66,66,0
2020-07-17,45233,45233,0,114,114,0
2020-07-18,45273,45273,0,40,40,0
2020-07-19,45301,45300,-1,28,27,-1
2020-07-20,45312,45312,0,11,12,1
2020-07-21,45422,45422,0,110,110,0
2020-07-22,45501,45501,0,79,79,0
2020-07-23,45554,45554,0,53,53,0
2020-07-24,45677,45677,0,123,123,0
2020-07-25,45738,45738,0,61,61,0
2020-07-26,45752,45752,0,14,14,0
2020-07-27,45759,45759,0,7,7,0
2020-07-28,45878,45878,0,119,119,0
2020-07-29,45961,45961,0,83,83,0
2020-07-30,45999,45999,0,38,38,0
2020-07-31,46119,46119,0,120,120,0
2020-08-01,46193,46193,0,74,74,0
2020-08-02,46201,46201,0,8,8,0
2020-08-03,46210,46210,0,9,9,0
2020-08-04,46299,46229,-70,89,19,-70
2020-08-05,46364,46364,0,65,135,70
2020-08-06,46413,46413,0,49,49,0
2020-08-07,46511,46511,0,98,98,0
2020-08-08,46566,46566,0,55,55,0
2020-08-09,46574,NA,NA,8,NA,NA
